532 533 2
509 510 17
858 10054 2
611 612 16
93 94 8
137 138 6
284 285 12
700 701 2
934 10142 6
777 779 11
216 217 1
865 10061 18
597 598 12
668 669 18
121 122 14
57 58 10
615 616 7
620 621 16
891 10087 10
821 10017 10
745 746 11
906 10103 15
649 650 12
329 330 5
382 383 5
52 53 1
445 446 1
568 569 4
119 120 11
642 643 16
159 160 11
94 95 6
656 657 11
458 459 12
298 299 6
150 151 14
785 787 12
805 10001 14
922 10123 13
326 327 1
219 220 15
11 12 7
645 646 16
330 331 12
191 192 12
160 161 1
516 517 14
813 10009 13
291 292 7
875 10071 11
363 364 15
198 199 11
89 90 11
770 771 11
432 433 14
43 44 12
113 114 12
313 314 7
18 19 1
661 662 10
440 441 1
920 10118 16
27 28 5
624 625 17
258 259 11
397 398 1
764 765 1
314 315 12
423 424 1
380 381 16
545 546 12
40 41 4
889 10085 13
80 81 13
279 280 14
694 695 13
571 572 1
441 442 8
220 221 15
543 544 7
725 726 10
650 651 12
916 10113 4
54 55 11
345 346 6
734 735 1
334 335 1
551 552 5
41 42 4
461 462 13
842 10038 8
367 368 11
105 106 2
33 34 4
503 504 1
392 393 11
281 282 14
227 228 17
42 43 12
97 98 11
578 579 14
328 329 5
249 250 10
675 676 1
474 475 14
245 246 6
241 242 1
157 158 11
806 10002 14
171 172 13
16 17 1
450 451 4
256 257 10
773 775 1
292 293 1
376 377 6
565 566 6
659 660 1
801 803 4
444 445 16
818 10014 11
923 10124 14
844 10040 7
67 68 2
832 10028 8
177 178 14
388 389 12
254 255 10
449 450 5
307 308 2
888 10084 13
531 532 2
22 23 4
311 312 13
774 776 10
514 515 11
79 80 11
512 513 10
58 59 10
546 547 12
193 194 11
674 675 2
269 270 11
823 10019 3
266 267 7
344 345 6
617 618 5
653 654 10
370 371 16
580 581 11
271 272 11
797 799 17
248 249 14
103 104 5
127 128 1
490 491 17
860 10056 8
549 550 11
457 458 11
887 10083 13
787 789 14
417 418 11
864 10060 12
910 10107 17
110 111 5
728 729 11
651 652 12
575 576 14
389 390 10
199 200 8
915 10112 4
767 768 7
608 609 8
730 731 1
56 57 2
609 610 16
537 538 2
616 617 7
836 10032 8
437 438 6
940 10156 14
228 229 17
489 490 11
574 575 14
550 551 5
356 357 12
741 742 7
145 146 10
828 10024 11
878 10074 15
933 10141 6
588 589 7
17 18 1
672 673 12
563 564 11
558 559 17
451 452 4
612 613 15
798 800 14
85 86 11
320 321 11
302 303 9
505 506 1
82 83 1
627 628 1
391 392 10
270 271 11
99 100 13
925 10126 6
433 434 4
333 334 16
438 439 14
648 649 7
408 409 6
714 715 3
495 496 12
188 189 12
173 174 1
224 225 15
288 289 1
439 440 1
117 118 11
447 448 2
501 502 11
252 253 12
277 278 11
736 737 7
907 10104 15
234 235 1
496 497 12
107 108 1
722 723 12
48 49 7
843 10039 1
323 324 10
155 156 10
677 678 14
640 641 3
315 316 4
541 542 7
332 333 1
149 150 14
206 207 5
930 10138 6
521 522 13
552 553 5
335 336 4
251 252 12
275 276 1
851 10047 7
721 722 12
364 365 15
833 10029 8
95 96 14
212 213 7
822 10018 1
1 2 12
924 10125 8
6 7 11
49 50 5
263 264 1
715 716 18
0 1 12
260 261 17
703 704 16
810 10006 12
202 203 1
466 467 10
788 790 14
112 113 1
792 794 7
780 782 16
12 13 7
885 10081 13
815 10011 13
621 622 5
527 528 14
8 9 11
589 590 12
530 531 1
289 290 7
557 558 7
526 527 14
190 191 12
654 655 10
15 16 1
464 465 12
753 754 12
349 350 11
481 482 14
905 10102 15
404 405 13
181 182 12
613 614 15
371 372 16
156 157 10
123 124 15
200 201 14
410 411 6
808 10004 7
528 529 5
488 489 11
341 342 11
877 10073 1
301 302 17
138 139 6
723 724 12
827 10023 16
702 703 6
178 179 13
789 791 14
590 591 12
707 708 8
539 540 7
10 11 7
779 781 8
480 481 14
852 10048 17
109 110 4
856 10052 9
456 457 11
750 751 11
845 10041 11
421 422 11
903 10100 13
751 752 11
396 397 1
626 627 1
170 171 11
425 426 8
520 521 1
468 469 7
786 788 11
618 619 2
586 587 13
244 245 11
687 688 6
662 663 10
305 306 9
748 749 5
724 725 10
310 311 13
547 548 12
164 165 7
666 667 10
719 720 14
918 10115 10
255 256 10
377 378 15
324 325 14
854 10050 10
535 536 11
400 401 7
817 10013 10
472 473 15
534 535 11
360 361 15
814 10010 13
710 711 8
581 582 15
412 413 7
499 500 10
689 690 4
142 143 1
60 61 11
874 10070 11
387 388 12
718 719 6
59 60 11
670 671 18
3 4 10
895 10091 17
784 786 14
141 142 6
861 10057 17
250 251 14
704 705 16
470 471 15
5 6 10
257 258 11
935 10143 8
395 396 1
47 48 7
758 759 1
685 686 17
215 216 1
136 137 1
796 798 12
14 15 7
24 25 13
646 647 11
705 706 16
811 10007 8
884 10080 13
386 387 12
86 87 11
223 224 11
713 714 3
460 461 17
899 10096 13
375 376 9
168 169 4
203 204 7
63 64 14
908 10105 5
572 573 1
413 414 7
442 443 16
931 10139 6
111 112 5
584 585 1
454 455 12
90 91 11
708 709 8
848 10044 14
676 677 14
378 379 9
669 670 18
2 3 12
485 486 1
53 54 11
205 206 1
564 565 11
247 248 6
879 10075 6
379 380 16
431 432 1
130 131 11
232 233 1
733 734 1
231 232 5
337 338 6
120 121 11
261 262 17
882 10078 5
859 10055 13
186 187 12
83 84 1
475 476 6
28 29 4
185 186 11
731 732 1
336 337 6
158 159 11
601 602 13
287 288 1
644 645 5
778 780 1
883 10079 16
209 210 18
799 801 9
359 360 14
576 577 14
743 744 6
31 32 4
73 74 6
542 543 7
282 283 7
20 21 1
162 163 1
353 354 8
390 391 10
630 631 10
598 599 9
938 10152 6
863 10059 2
318 319 11
299 300 1
118 119 11
355 356 8
834 10030 8
691 692 11
77 78 10
523 524 6
393 394 11
276 277 1
782 784 16
381 382 11
69 70 12
479 480 14
161 162 1
614 615 15
643 644 16
831 10027 8
492 493 1
176 177 14
229 230 11
604 605 14
926 10127 11
857 10053 9
595 596 7
876 10072 9
13 14 7
64 65 14
554 555 10
763 764 18
936 10147 9
283 284 7
169 170 11
135 136 10
754 755 12
274 275 12
759 760 1
384 385 9
114 115 1
208 209 18
280 281 14
712 713 15
108 109 4
497 498 10
343 344 5
941 10157 14
594 595 7
740 741 10
567 568 4
166 167 7
272 273 12
154 155 10
325 326 14
132 133 1
555 556 12
583 584 15
152 153 12
286 287 1
319 320 11
680 681 9
306 307 2
697 698 6
237 238 15
593 594 11
631 632 7
671 672 12
498 499 10
699 700 18
106 107 2
453 454 4
128 129 11
68 69 12
795 797 9
102 103 12
603 604 13
427 428 1
872 10068 14
443 444 16
72 73 11
665 666 7
599 600 9
502 503 11
372 373 16
201 202 14
756 757 4
607 608 8
625 626 1
819 10015 15
268 269 7
696 697 6
238 239 13
688 689 6
812 10008 13
606 607 8
932 10140 6
928 10136 6
869 10065 12
144 145 13
633 634 17
897 10094 13
187 188 12
373 374 9
66 67 2
886 10082 13
482 483 9
352 353 8
405 406 12
824 10020 13
658 659 1
165 166 7
855 10051 14
422 423 11
560 561 14
816 10012 13
84 85 1
167 168 7
871 10067 16
510 511 12
39 40 1
790 792 14
760 761 12
340 341 11
900 10097 13
411 412 7
491 492 12
262 263 1
175 176 18
424 425 8
744 745 6
76 77 10
399 400 1
569 570 17
44 45 12
348 349 11
471 472 5
366 367 11
